000 00200 00000000 00000000 00000000 00000000 00000000 00000000 00000000 00000000 00000000 00000000 00000000 00000000 00000000 00000000 00000000 00000000
001 00E01 00000000 000005DC 00000000 00000000 00000000 00000000 00000000 00000000 00000000 00000000 00000000 00000000 00000000 00000000 00000000 00000000
003 10701 00000000 00000100 00000000 00000000 00000000 00000000 00000000 00000000 00000000 00000000 00000000 00000000 00000000 00000000 000005DC 00000000
005 10801 00000000 00000101 00000000 00000000 00000000 00000000 00000000 00000006 00000000 00000000 00000000 00000000 00000000 00000000 000005DC 00000000
007 0FF10 00000000 0000000C 00000000 00000000 00000000 00000000 00000000 00000006 00000003 00000000 00000000 00000000 00000000 00000000 000005DC 00000000
00C 01EE1 00000000 00000003 00000000 00000000 00000000 00000000 00000000 00000006 00000003 00000000 00000000 00000000 00000000 00000000 000005DC 00000009
00E 117E1 00000000 00000000 00000000 00000000 00000000 00000000 00000000 00000006 00000003 00000000 00000000 00000000 00000000 00000000 000005D9 00000009
010 118E1 00000000 00000001 00000000 00000000 00000000 00000000 00000000 00000006 00000003 00000000 00000000 00000000 00000000 00000000 000005D9 00000009
012 11FE1 00000000 00000002 00000000 00000000 00000000 00000000 00000000 00000006 00000003 00000000 00000000 00000000 00000000 00000000 000005D9 00000009
014 0A180 00000000 0000001A 00000000 00000000 00000000 00000000 00000000 00000006 00000003 00000000 00000000 00000000 00000000 00000000 000005D9 00000009
01A 0A187 00000000 00000020 00000000 00000000 00000000 00000000 00000000 00000006 00000003 00000000 00000000 00000000 00000000 00000000 000005D9 00000009
020 01771 00000000 00000001 00000000 00000000 00000000 00000000 00000000 00000006 00000003 00000000 00000000 00000000 00000000 00000000 000005D9 00000009
022 0FF10 00000000 0000000C 00000000 00000000 00000000 00000000 00000000 00000005 00000003 00000000 00000000 00000000 00000000 00000000 000005D9 00000009
00C 01EE1 00000000 00000003 00000000 00000000 00000000 00000000 00000000 00000005 00000003 00000000 00000000 00000000 00000000 00000000 000005D9 00000024
00E 117E1 00000000 00000000 00000000 00000000 00000000 00000000 00000000 00000005 00000003 00000000 00000000 00000000 00000000 00000000 000005D6 00000024
010 118E1 00000000 00000001 00000000 00000000 00000000 00000000 00000000 00000005 00000003 00000000 00000000 00000000 00000000 00000000 000005D6 00000024
012 11FE1 00000000 00000002 00000000 00000000 00000000 00000000 00000000 00000005 00000003 00000000 00000000 00000000 00000000 00000000 000005D6 00000024
014 0A180 00000000 0000001A 00000000 00000000 00000000 00000000 00000000 00000005 00000003 00000000 00000000 00000000 00000000 00000000 000005D6 00000024
01A 0A187 00000000 00000020 00000000 00000000 00000000 00000000 00000000 00000005 00000003 00000000 00000000 00000000 00000000 00000000 000005D6 00000024
020 01771 00000000 00000001 00000000 00000000 00000000 00000000 00000000 00000005 00000003 00000000 00000000 00000000 00000000 00000000 000005D6 00000024
022 0FF10 00000000 0000000C 00000000 00000000 00000000 00000000 00000000 00000004 00000003 00000000 00000000 00000000 00000000 00000000 000005D6 00000024
00C 01EE1 00000000 00000003 00000000 00000000 00000000 00000000 00000000 00000004 00000003 00000000 00000000 00000000 00000000 00000000 000005D6 00000024
00E 117E1 00000000 00000000 00000000 00000000 00000000 00000000 00000000 00000004 00000003 00000000 00000000 00000000 00000000 00000000 000005D3 00000024
010 118E1 00000000 00000001 00000000 00000000 00000000 00000000 00000000 00000004 00000003 00000000 00000000 00000000 00000000 00000000 000005D3 00000024
012 11FE1 00000000 00000002 00000000 00000000 00000000 00000000 00000000 00000004 00000003 00000000 00000000 00000000 00000000 00000000 000005D3 00000024
014 0A180 00000000 0000001A 00000000 00000000 00000000 00000000 00000000 00000004 00000003 00000000 00000000 00000000 00000000 00000000 000005D3 00000024
01A 0A187 00000000 00000020 00000000 00000000 00000000 00000000 00000000 00000004 00000003 00000000 00000000 00000000 00000000 00000000 000005D3 00000024
020 01771 00000000 00000001 00000000 00000000 00000000 00000000 00000000 00000004 00000003 00000000 00000000 00000000 00000000 00000000 000005D3 00000024
022 0FF10 00000000 0000000C 00000000 00000000 00000000 00000000 00000000 00000003 00000003 00000000 00000000 00000000 00000000 00000000 000005D3 00000024
00C 01EE1 00000000 00000003 00000000 00000000 00000000 00000000 00000000 00000003 00000003 00000000 00000000 00000000 00000000 00000000 000005D3 00000024
00E 117E1 00000000 00000000 00000000 00000000 00000000 00000000 00000000 00000003 00000003 00000000 00000000 00000000 00000000 00000000 000005D0 00000024
010 118E1 00000000 00000001 00000000 00000000 00000000 00000000 00000000 00000003 00000003 00000000 00000000 00000000 00000000 00000000 000005D0 00000024
012 11FE1 00000000 00000002 00000000 00000000 00000000 00000000 00000000 00000003 00000003 00000000 00000000 00000000 00000000 00000000 000005D0 00000024
014 0A180 00000000 0000001A 00000000 00000000 00000000 00000000 00000000 00000003 00000003 00000000 00000000 00000000 00000000 00000000 000005D0 00000024
01A 0A187 00000000 00000020 00000000 00000000 00000000 00000000 00000000 00000003 00000003 00000000 00000000 00000000 00000000 00000000 000005D0 00000024
01C 00221 00000000 00000001 00000000 00000000 00000000 00000000 00000000 00000003 00000003 00000000 00000000 00000000 00000000 00000000 000005D0 00000024
01E 09100 00000000 00000028 00000001 00000000 00000000 00000000 00000000 00000003 00000003 00000000 00000000 00000000 00000000 00000000 000005D0 00000024
028 10FE1 00000000 00000002 00000001 00000000 00000000 00000000 00000000 00000003 00000003 00000000 00000000 00000000 00000000 00000000 000005D0 00000024
02A 108E1 00000000 00000001 00000001 00000000 00000000 00000000 00000000 00000003 00000003 00000000 00000000 00000000 00000000 00000000 000005D0 00000024
02C 107E1 00000000 00000000 00000001 00000000 00000000 00000000 00000000 00000003 00000003 00000000 00000000 00000000 00000000 00000000 000005D0 00000024
02E 00EE1 00000000 00000003 00000001 00000000 00000000 00000000 00000000 00000003 00000003 00000000 00000000 00000000 00000000 00000000 000005D0 00000024
030 09F00 00000000 00000000 00000001 00000000 00000000 00000000 00000000 00000003 00000003 00000000 00000000 00000000 00000000 00000000 000005D3 00000024
024 01881 00000000 00000001 00000001 00000000 00000000 00000000 00000000 00000003 00000003 00000000 00000000 00000000 00000000 00000000 000005D3 00000024
026 0FF10 00000000 0000000C 00000001 00000000 00000000 00000000 00000000 00000003 00000002 00000000 00000000 00000000 00000000 00000000 000005D3 00000024
00C 01EE1 00000000 00000003 00000001 00000000 00000000 00000000 00000000 00000003 00000002 00000000 00000000 00000000 00000000 00000000 000005D3 00000028
00E 117E1 00000000 00000000 00000001 00000000 00000000 00000000 00000000 00000003 00000002 00000000 00000000 00000000 00000000 00000000 000005D0 00000028
010 118E1 00000000 00000001 00000001 00000000 00000000 00000000 00000000 00000003 00000002 00000000 00000000 00000000 00000000 00000000 000005D0 00000028
012 11FE1 00000000 00000002 00000001 00000000 00000000 00000000 00000000 00000003 00000002 00000000 00000000 00000000 00000000 00000000 000005D0 00000028
014 0A180 00000000 0000001A 00000001 00000000 00000000 00000000 00000000 00000003 00000002 00000000 00000000 00000000 00000000 00000000 000005D0 00000028
01A 0A187 00000000 00000020 00000001 00000000 00000000 00000000 00000000 00000003 00000002 00000000 00000000 00000000 00000000 00000000 000005D0 00000028
020 01771 00000000 00000001 00000001 00000000 00000000 00000000 00000000 00000003 00000002 00000000 00000000 00000000 00000000 00000000 000005D0 00000028
022 0FF10 00000000 0000000C 00000001 00000000 00000000 00000000 00000000 00000002 00000002 00000000 00000000 00000000 00000000 00000000 000005D0 00000028
00C 01EE1 00000000 00000003 00000001 00000000 00000000 00000000 00000000 00000002 00000002 00000000 00000000 00000000 00000000 00000000 000005D0 00000024
00E 117E1 00000000 00000000 00000001 00000000 00000000 00000000 00000000 00000002 00000002 00000000 00000000 00000000 00000000 00000000 000005CD 00000024
010 118E1 00000000 00000001 00000001 00000000 00000000 00000000 00000000 00000002 00000002 00000000 00000000 00000000 00000000 00000000 000005CD 00000024
012 11FE1 00000000 00000002 00000001 00000000 00000000 00000000 00000000 00000002 00000002 00000000 00000000 00000000 00000000 00000000 000005CD 00000024
014 0A180 00000000 0000001A 00000001 00000000 00000000 00000000 00000000 00000002 00000002 00000000 00000000 00000000 00000000 00000000 000005CD 00000024
01A 0A187 00000000 00000020 00000001 00000000 00000000 00000000 00000000 00000002 00000002 00000000 00000000 00000000 00000000 00000000 000005CD 00000024
01C 00221 00000000 00000001 00000001 00000000 00000000 00000000 00000000 00000002 00000002 00000000 00000000 00000000 00000000 00000000 000005CD 00000024
01E 09100 00000000 00000028 00000002 00000000 00000000 00000000 00000000 00000002 00000002 00000000 00000000 00000000 00000000 00000000 000005CD 00000024
028 10FE1 00000000 00000002 00000002 00000000 00000000 00000000 00000000 00000002 00000002 00000000 00000000 00000000 00000000 00000000 000005CD 00000024
02A 108E1 00000000 00000001 00000002 00000000 00000000 00000000 00000000 00000002 00000002 00000000 00000000 00000000 00000000 00000000 000005CD 00000024
02C 107E1 00000000 00000000 00000002 00000000 00000000 00000000 00000000 00000002 00000002 00000000 00000000 00000000 00000000 00000000 000005CD 00000024
02E 00EE1 00000000 00000003 00000002 00000000 00000000 00000000 00000000 00000002 00000002 00000000 00000000 00000000 00000000 00000000 000005CD 00000024
030 09F00 00000000 00000000 00000002 00000000 00000000 00000000 00000000 00000002 00000002 00000000 00000000 00000000 00000000 00000000 000005D0 00000024
024 01881 00000000 00000001 00000002 00000000 00000000 00000000 00000000 00000002 00000002 00000000 00000000 00000000 00000000 00000000 000005D0 00000024
026 0FF10 00000000 0000000C 00000002 00000000 00000000 00000000 00000000 00000002 00000001 00000000 00000000 00000000 00000000 00000000 000005D0 00000024
00C 01EE1 00000000 00000003 00000002 00000000 00000000 00000000 00000000 00000002 00000001 00000000 00000000 00000000 00000000 00000000 000005D0 00000028
00E 117E1 00000000 00000000 00000002 00000000 00000000 00000000 00000000 00000002 00000001 00000000 00000000 00000000 00000000 00000000 000005CD 00000028
010 118E1 00000000 00000001 00000002 00000000 00000000 00000000 00000000 00000002 00000001 00000000 00000000 00000000 00000000 00000000 000005CD 00000028
012 11FE1 00000000 00000002 00000002 00000000 00000000 00000000 00000000 00000002 00000001 00000000 00000000 00000000 00000000 00000000 000005CD 00000028
014 0A180 00000000 0000001A 00000002 00000000 00000000 00000000 00000000 00000002 00000001 00000000 00000000 00000000 00000000 00000000 000005CD 00000028
01A 0A187 00000000 00000020 00000002 00000000 00000000 00000000 00000000 00000002 00000001 00000000 00000000 00000000 00000000 00000000 000005CD 00000028
020 01771 00000000 00000001 00000002 00000000 00000000 00000000 00000000 00000002 00000001 00000000 00000000 00000000 00000000 00000000 000005CD 00000028
022 0FF10 00000000 0000000C 00000002 00000000 00000000 00000000 00000000 00000001 00000001 00000000 00000000 00000000 00000000 00000000 000005CD 00000028
00C 01EE1 00000000 00000003 00000002 00000000 00000000 00000000 00000000 00000001 00000001 00000000 00000000 00000000 00000000 00000000 000005CD 00000024
00E 117E1 00000000 00000000 00000002 00000000 00000000 00000000 00000000 00000001 00000001 00000000 00000000 00000000 00000000 00000000 000005CA 00000024
010 118E1 00000000 00000001 00000002 00000000 00000000 00000000 00000000 00000001 00000001 00000000 00000000 00000000 00000000 00000000 000005CA 00000024
012 11FE1 00000000 00000002 00000002 00000000 00000000 00000000 00000000 00000001 00000001 00000000 00000000 00000000 00000000 00000000 000005CA 00000024
014 0A180 00000000 0000001A 00000002 00000000 00000000 00000000 00000000 00000001 00000001 00000000 00000000 00000000 00000000 00000000 000005CA 00000024
01A 0A187 00000000 00000020 00000002 00000000 00000000 00000000 00000000 00000001 00000001 00000000 00000000 00000000 00000000 00000000 000005CA 00000024
01C 00221 00000000 00000001 00000002 00000000 00000000 00000000 00000000 00000001 00000001 00000000 00000000 00000000 00000000 00000000 000005CA 00000024
01E 09100 00000000 00000028 00000003 00000000 00000000 00000000 00000000 00000001 00000001 00000000 00000000 00000000 00000000 00000000 000005CA 00000024
028 10FE1 00000000 00000002 00000003 00000000 00000000 00000000 00000000 00000001 00000001 00000000 00000000 00000000 00000000 00000000 000005CA 00000024
02A 108E1 00000000 00000001 00000003 00000000 00000000 00000000 00000000 00000001 00000001 00000000 00000000 00000000 00000000 00000000 000005CA 00000024
02C 107E1 00000000 00000000 00000003 00000000 00000000 00000000 00000000 00000001 00000001 00000000 00000000 00000000 00000000 00000000 000005CA 00000024
02E 00EE1 00000000 00000003 00000003 00000000 00000000 00000000 00000000 00000001 00000001 00000000 00000000 00000000 00000000 00000000 000005CA 00000024
030 09F00 00000000 00000000 00000003 00000000 00000000 00000000 00000000 00000001 00000001 00000000 00000000 00000000 00000000 00000000 000005CD 00000024
024 01881 00000000 00000001 00000003 00000000 00000000 00000000 00000000 00000001 00000001 00000000 00000000 00000000 00000000 00000000 000005CD 00000024
026 0FF10 00000000 0000000C 00000003 00000000 00000000 00000000 00000000 00000001 00000000 00000000 00000000 00000000 00000000 00000000 000005CD 00000024
00C 01EE1 00000000 00000003 00000003 00000000 00000000 00000000 00000000 00000001 00000000 00000000 00000000 00000000 00000000 00000000 000005CD 00000028
00E 117E1 00000000 00000000 00000003 00000000 00000000 00000000 00000000 00000001 00000000 00000000 00000000 00000000 00000000 00000000 000005CA 00000028
010 118E1 00000000 00000001 00000003 00000000 00000000 00000000 00000000 00000001 00000000 00000000 00000000 00000000 00000000 00000000 000005CA 00000028
012 11FE1 00000000 00000002 00000003 00000000 00000000 00000000 00000000 00000001 00000000 00000000 00000000 00000000 00000000 00000000 000005CA 00000028
014 0A180 00000000 0000001A 00000003 00000000 00000000 00000000 00000000 00000001 00000000 00000000 00000000 00000000 00000000 00000000 000005CA 00000028
016 00221 00000000 00000001 00000003 00000000 00000000 00000000 00000000 00000001 00000000 00000000 00000000 00000000 00000000 00000000 000005CA 00000028
018 09100 00000000 00000028 00000004 00000000 00000000 00000000 00000000 00000001 00000000 00000000 00000000 00000000 00000000 00000000 000005CA 00000028
028 10FE1 00000000 00000002 00000004 00000000 00000000 00000000 00000000 00000001 00000000 00000000 00000000 00000000 00000000 00000000 000005CA 00000028
02A 108E1 00000000 00000001 00000004 00000000 00000000 00000000 00000000 00000001 00000000 00000000 00000000 00000000 00000000 00000000 000005CA 00000028
02C 107E1 00000000 00000000 00000004 00000000 00000000 00000000 00000000 00000001 00000000 00000000 00000000 00000000 00000000 00000000 000005CA 00000028
02E 00EE1 00000000 00000003 00000004 00000000 00000000 00000000 00000000 00000001 00000000 00000000 00000000 00000000 00000000 00000000 000005CA 00000028
030 09F00 00000000 00000000 00000004 00000000 00000000 00000000 00000000 00000001 00000000 00000000 00000000 00000000 00000000 00000000 000005CD 00000028
028 10FE1 00000000 00000002 00000004 00000000 00000000 00000000 00000000 00000001 00000000 00000000 00000000 00000000 00000000 00000000 000005CD 00000028
02A 108E1 00000000 00000001 00000004 00000000 00000000 00000000 00000000 00000001 00000000 00000000 00000000 00000000 00000000 00000000 000005CD 00000028
02C 107E1 00000000 00000000 00000004 00000000 00000000 00000000 00000000 00000001 00000001 00000000 00000000 00000000 00000000 00000000 000005CD 00000028
02E 00EE1 00000000 00000003 00000004 00000000 00000000 00000000 00000000 00000002 00000001 00000000 00000000 00000000 00000000 00000000 000005CD 00000028
030 09F00 00000000 00000000 00000004 00000000 00000000 00000000 00000000 00000002 00000001 00000000 00000000 00000000 00000000 00000000 000005D0 00000028
028 10FE1 00000000 00000002 00000004 00000000 00000000 00000000 00000000 00000002 00000001 00000000 00000000 00000000 00000000 00000000 000005D0 00000028
02A 108E1 00000000 00000001 00000004 00000000 00000000 00000000 00000000 00000002 00000001 00000000 00000000 00000000 00000000 00000000 000005D0 00000028
02C 107E1 00000000 00000000 00000004 00000000 00000000 00000000 00000000 00000002 00000002 00000000 00000000 00000000 00000000 00000000 000005D0 00000028
02E 00EE1 00000000 00000003 00000004 00000000 00000000 00000000 00000000 00000003 00000002 00000000 00000000 00000000 00000000 00000000 000005D0 00000028
030 09F00 00000000 00000000 00000004 00000000 00000000 00000000 00000000 00000003 00000002 00000000 00000000 00000000 00000000 00000000 000005D3 00000028
028 10FE1 00000000 00000002 00000004 00000000 00000000 00000000 00000000 00000003 00000002 00000000 00000000 00000000 00000000 00000000 000005D3 00000028
02A 108E1 00000000 00000001 00000004 00000000 00000000 00000000 00000000 00000003 00000002 00000000 00000000 00000000 00000000 00000000 000005D3 00000024
02C 107E1 00000000 00000000 00000004 00000000 00000000 00000000 00000000 00000003 00000003 00000000 00000000 00000000 00000000 00000000 000005D3 00000024
02E 00EE1 00000000 00000003 00000004 00000000 00000000 00000000 00000000 00000004 00000003 00000000 00000000 00000000 00000000 00000000 000005D3 00000024
030 09F00 00000000 00000000 00000004 00000000 00000000 00000000 00000000 00000004 00000003 00000000 00000000 00000000 00000000 00000000 000005D6 00000024
024 01881 00000000 00000001 00000004 00000000 00000000 00000000 00000000 00000004 00000003 00000000 00000000 00000000 00000000 00000000 000005D6 00000024
026 0FF10 00000000 0000000C 00000004 00000000 00000000 00000000 00000000 00000004 00000002 00000000 00000000 00000000 00000000 00000000 000005D6 00000024
00C 01EE1 00000000 00000003 00000004 00000000 00000000 00000000 00000000 00000004 00000002 00000000 00000000 00000000 00000000 00000000 000005D6 00000028
00E 117E1 00000000 00000000 00000004 00000000 00000000 00000000 00000000 00000004 00000002 00000000 00000000 00000000 00000000 00000000 000005D3 00000028
010 118E1 00000000 00000001 00000004 00000000 00000000 00000000 00000000 00000004 00000002 00000000 00000000 00000000 00000000 00000000 000005D3 00000028
012 11FE1 00000000 00000002 00000004 00000000 00000000 00000000 00000000 00000004 00000002 00000000 00000000 00000000 00000000 00000000 000005D3 00000028
014 0A180 00000000 0000001A 00000004 00000000 00000000 00000000 00000000 00000004 00000002 00000000 00000000 00000000 00000000 00000000 000005D3 00000028
01A 0A187 00000000 00000020 00000004 00000000 00000000 00000000 00000000 00000004 00000002 00000000 00000000 00000000 00000000 00000000 000005D3 00000028
020 01771 00000000 00000001 00000004 00000000 00000000 00000000 00000000 00000004 00000002 00000000 00000000 00000000 00000000 00000000 000005D3 00000028
022 0FF10 00000000 0000000C 00000004 00000000 00000000 00000000 00000000 00000003 00000002 00000000 00000000 00000000 00000000 00000000 000005D3 00000028
00C 01EE1 00000000 00000003 00000004 00000000 00000000 00000000 00000000 00000003 00000002 00000000 00000000 00000000 00000000 00000000 000005D3 00000024
00E 117E1 00000000 00000000 00000004 00000000 00000000 00000000 00000000 00000003 00000002 00000000 00000000 00000000 00000000 00000000 000005D0 00000024
010 118E1 00000000 00000001 00000004 00000000 00000000 00000000 00000000 00000003 00000002 00000000 00000000 00000000 00000000 00000000 000005D0 00000024
012 11FE1 00000000 00000002 00000004 00000000 00000000 00000000 00000000 00000003 00000002 00000000 00000000 00000000 00000000 00000000 000005D0 00000024
014 0A180 00000000 0000001A 00000004 00000000 00000000 00000000 00000000 00000003 00000002 00000000 00000000 00000000 00000000 00000000 000005D0 00000024
01A 0A187 00000000 00000020 00000004 00000000 00000000 00000000 00000000 00000003 00000002 00000000 00000000 00000000 00000000 00000000 000005D0 00000024
020 01771 00000000 00000001 00000004 00000000 00000000 00000000 00000000 00000003 00000002 00000000 00000000 00000000 00000000 00000000 000005D0 00000024
022 0FF10 00000000 0000000C 00000004 00000000 00000000 00000000 00000000 00000002 00000002 00000000 00000000 00000000 00000000 00000000 000005D0 00000024
00C 01EE1 00000000 00000003 00000004 00000000 00000000 00000000 00000000 00000002 00000002 00000000 00000000 00000000 00000000 00000000 000005D0 00000024
00E 117E1 00000000 00000000 00000004 00000000 00000000 00000000 00000000 00000002 00000002 00000000 00000000 00000000 00000000 00000000 000005CD 00000024
010 118E1 00000000 00000001 00000004 00000000 00000000 00000000 00000000 00000002 00000002 00000000 00000000 00000000 00000000 00000000 000005CD 00000024
012 11FE1 00000000 00000002 00000004 00000000 00000000 00000000 00000000 00000002 00000002 00000000 00000000 00000000 00000000 00000000 000005CD 00000024
014 0A180 00000000 0000001A 00000004 00000000 00000000 00000000 00000000 00000002 00000002 00000000 00000000 00000000 00000000 00000000 000005CD 00000024
01A 0A187 00000000 00000020 00000004 00000000 00000000 00000000 00000000 00000002 00000002 00000000 00000000 00000000 00000000 00000000 000005CD 00000024
01C 00221 00000000 00000001 00000004 00000000 00000000 00000000 00000000 00000002 00000002 00000000 00000000 00000000 00000000 00000000 000005CD 00000024
01E 09100 00000000 00000028 00000005 00000000 00000000 00000000 00000000 00000002 00000002 00000000 00000000 00000000 00000000 00000000 000005CD 00000024
028 10FE1 00000000 00000002 00000005 00000000 00000000 00000000 00000000 00000002 00000002 00000000 00000000 00000000 00000000 00000000 000005CD 00000024
02A 108E1 00000000 00000001 00000005 00000000 00000000 00000000 00000000 00000002 00000002 00000000 00000000 00000000 00000000 00000000 000005CD 00000024
02C 107E1 00000000 00000000 00000005 00000000 00000000 00000000 00000000 00000002 00000002 00000000 00000000 00000000 00000000 00000000 000005CD 00000024
02E 00EE1 00000000 00000003 00000005 00000000 00000000 00000000 00000000 00000002 00000002 00000000 00000000 00000000 00000000 00000000 000005CD 00000024
030 09F00 00000000 00000000 00000005 00000000 00000000 00000000 00000000 00000002 00000002 00000000 00000000 00000000 00000000 00000000 000005D0 00000024
024 01881 00000000 00000001 00000005 00000000 00000000 00000000 00000000 00000002 00000002 00000000 00000000 00000000 00000000 00000000 000005D0 00000024
026 0FF10 00000000 0000000C 00000005 00000000 00000000 00000000 00000000 00000002 00000001 00000000 00000000 00000000 00000000 00000000 000005D0 00000024
00C 01EE1 00000000 00000003 00000005 00000000 00000000 00000000 00000000 00000002 00000001 00000000 00000000 00000000 00000000 00000000 000005D0 00000028
00E 117E1 00000000 00000000 00000005 00000000 00000000 00000000 00000000 00000002 00000001 00000000 00000000 00000000 00000000 00000000 000005CD 00000028
010 118E1 00000000 00000001 00000005 00000000 00000000 00000000 00000000 00000002 00000001 00000000 00000000 00000000 00000000 00000000 000005CD 00000028
012 11FE1 00000000 00000002 00000005 00000000 00000000 00000000 00000000 00000002 00000001 00000000 00000000 00000000 00000000 00000000 000005CD 00000028
014 0A180 00000000 0000001A 00000005 00000000 00000000 00000000 00000000 00000002 00000001 00000000 00000000 00000000 00000000 00000000 000005CD 00000028
01A 0A187 00000000 00000020 00000005 00000000 00000000 00000000 00000000 00000002 00000001 00000000 00000000 00000000 00000000 00000000 000005CD 00000028
020 01771 00000000 00000001 00000005 00000000 00000000 00000000 00000000 00000002 00000001 00000000 00000000 00000000 00000000 00000000 000005CD 00000028
022 0FF10 00000000 0000000C 00000005 00000000 00000000 00000000 00000000 00000001 00000001 00000000 00000000 00000000 00000000 00000000 000005CD 00000028
00C 01EE1 00000000 00000003 00000005 00000000 00000000 00000000 00000000 00000001 00000001 00000000 00000000 00000000 00000000 00000000 000005CD 00000024
00E 117E1 00000000 00000000 00000005 00000000 00000000 00000000 00000000 00000001 00000001 00000000 00000000 00000000 00000000 00000000 000005CA 00000024
010 118E1 00000000 00000001 00000005 00000000 00000000 00000000 00000000 00000001 00000001 00000000 00000000 00000000 00000000 00000000 000005CA 00000024
012 11FE1 00000000 00000002 00000005 00000000 00000000 00000000 00000000 00000001 00000001 00000000 00000000 00000000 00000000 00000000 000005CA 00000024
014 0A180 00000000 0000001A 00000005 00000000 00000000 00000000 00000000 00000001 00000001 00000000 00000000 00000000 00000000 00000000 000005CA 00000024
01A 0A187 00000000 00000020 00000005 00000000 00000000 00000000 00000000 00000001 00000001 00000000 00000000 00000000 00000000 00000000 000005CA 00000024
01C 00221 00000000 00000001 00000005 00000000 00000000 00000000 00000000 00000001 00000001 00000000 00000000 00000000 00000000 00000000 000005CA 00000024
01E 09100 00000000 00000028 00000006 00000000 00000000 00000000 00000000 00000001 00000001 00000000 00000000 00000000 00000000 00000000 000005CA 00000024
028 10FE1 00000000 00000002 00000006 00000000 00000000 00000000 00000000 00000001 00000001 00000000 00000000 00000000 00000000 00000000 000005CA 00000024
02A 108E1 00000000 00000001 00000006 00000000 00000000 00000000 00000000 00000001 00000001 00000000 00000000 00000000 00000000 00000000 000005CA 00000024
02C 107E1 00000000 00000000 00000006 00000000 00000000 00000000 00000000 00000001 00000001 00000000 00000000 00000000 00000000 00000000 000005CA 00000024
02E 00EE1 00000000 00000003 00000006 00000000 00000000 00000000 00000000 00000001 00000001 00000000 00000000 00000000 00000000 00000000 000005CA 00000024
030 09F00 00000000 00000000 00000006 00000000 00000000 00000000 00000000 00000001 00000001 00000000 00000000 00000000 00000000 00000000 000005CD 00000024
024 01881 00000000 00000001 00000006 00000000 00000000 00000000 00000000 00000001 00000001 00000000 00000000 00000000 00000000 00000000 000005CD 00000024
026 0FF10 00000000 0000000C 00000006 00000000 00000000 00000000 00000000 00000001 00000000 00000000 00000000 00000000 00000000 00000000 000005CD 00000024
00C 01EE1 00000000 00000003 00000006 00000000 00000000 00000000 00000000 00000001 00000000 00000000 00000000 00000000 00000000 00000000 000005CD 00000028
00E 117E1 00000000 00000000 00000006 00000000 00000000 00000000 00000000 00000001 00000000 00000000 00000000 00000000 00000000 00000000 000005CA 00000028
010 118E1 00000000 00000001 00000006 00000000 00000000 00000000 00000000 00000001 00000000 00000000 00000000 00000000 00000000 00000000 000005CA 00000028
012 11FE1 00000000 00000002 00000006 00000000 00000000 00000000 00000000 00000001 00000000 00000000 00000000 00000000 00000000 00000000 000005CA 00000028
014 0A180 00000000 0000001A 00000006 00000000 00000000 00000000 00000000 00000001 00000000 00000000 00000000 00000000 00000000 00000000 000005CA 00000028
016 00221 00000000 00000001 00000006 00000000 00000000 00000000 00000000 00000001 00000000 00000000 00000000 00000000 00000000 00000000 000005CA 00000028
018 09100 00000000 00000028 00000007 00000000 00000000 00000000 00000000 00000001 00000000 00000000 00000000 00000000 00000000 00000000 000005CA 00000028
028 10FE1 00000000 00000002 00000007 00000000 00000000 00000000 00000000 00000001 00000000 00000000 00000000 00000000 00000000 00000000 000005CA 00000028
02A 108E1 00000000 00000001 00000007 00000000 00000000 00000000 00000000 00000001 00000000 00000000 00000000 00000000 00000000 00000000 000005CA 00000028
02C 107E1 00000000 00000000 00000007 00000000 00000000 00000000 00000000 00000001 00000000 00000000 00000000 00000000 00000000 00000000 000005CA 00000028
02E 00EE1 00000000 00000003 00000007 00000000 00000000 00000000 00000000 00000001 00000000 00000000 00000000 00000000 00000000 00000000 000005CA 00000028
030 09F00 00000000 00000000 00000007 00000000 00000000 00000000 00000000 00000001 00000000 00000000 00000000 00000000 00000000 00000000 000005CD 00000028
028 10FE1 00000000 00000002 00000007 00000000 00000000 00000000 00000000 00000001 00000000 00000000 00000000 00000000 00000000 00000000 000005CD 00000028
02A 108E1 00000000 00000001 00000007 00000000 00000000 00000000 00000000 00000001 00000000 00000000 00000000 00000000 00000000 00000000 000005CD 00000028
02C 107E1 00000000 00000000 00000007 00000000 00000000 00000000 00000000 00000001 00000001 00000000 00000000 00000000 00000000 00000000 000005CD 00000028
02E 00EE1 00000000 00000003 00000007 00000000 00000000 00000000 00000000 00000002 00000001 00000000 00000000 00000000 00000000 00000000 000005CD 00000028
030 09F00 00000000 00000000 00000007 00000000 00000000 00000000 00000000 00000002 00000001 00000000 00000000 00000000 00000000 00000000 000005D0 00000028
028 10FE1 00000000 00000002 00000007 00000000 00000000 00000000 00000000 00000002 00000001 00000000 00000000 00000000 00000000 00000000 000005D0 00000028
02A 108E1 00000000 00000001 00000007 00000000 00000000 00000000 00000000 00000002 00000001 00000000 00000000 00000000 00000000 00000000 000005D0 00000024
02C 107E1 00000000 00000000 00000007 00000000 00000000 00000000 00000000 00000002 00000002 00000000 00000000 00000000 00000000 00000000 000005D0 00000024
02E 00EE1 00000000 00000003 00000007 00000000 00000000 00000000 00000000 00000003 00000002 00000000 00000000 00000000 00000000 00000000 000005D0 00000024
030 09F00 00000000 00000000 00000007 00000000 00000000 00000000 00000000 00000003 00000002 00000000 00000000 00000000 00000000 00000000 000005D3 00000024
024 01881 00000000 00000001 00000007 00000000 00000000 00000000 00000000 00000003 00000002 00000000 00000000 00000000 00000000 00000000 000005D3 00000024
026 0FF10 00000000 0000000C 00000007 00000000 00000000 00000000 00000000 00000003 00000001 00000000 00000000 00000000 00000000 00000000 000005D3 00000024
00C 01EE1 00000000 00000003 00000007 00000000 00000000 00000000 00000000 00000003 00000001 00000000 00000000 00000000 00000000 00000000 000005D3 00000028
00E 117E1 00000000 00000000 00000007 00000000 00000000 00000000 00000000 00000003 00000001 00000000 00000000 00000000 00000000 00000000 000005D0 00000028
010 118E1 00000000 00000001 00000007 00000000 00000000 00000000 00000000 00000003 00000001 00000000 00000000 00000000 00000000 00000000 000005D0 00000028
012 11FE1 00000000 00000002 00000007 00000000 00000000 00000000 00000000 00000003 00000001 00000000 00000000 00000000 00000000 00000000 000005D0 00000028
014 0A180 00000000 0000001A 00000007 00000000 00000000 00000000 00000000 00000003 00000001 00000000 00000000 00000000 00000000 00000000 000005D0 00000028
01A 0A187 00000000 00000020 00000007 00000000 00000000 00000000 00000000 00000003 00000001 00000000 00000000 00000000 00000000 00000000 000005D0 00000028
020 01771 00000000 00000001 00000007 00000000 00000000 00000000 00000000 00000003 00000001 00000000 00000000 00000000 00000000 00000000 000005D0 00000028
022 0FF10 00000000 0000000C 00000007 00000000 00000000 00000000 00000000 00000002 00000001 00000000 00000000 00000000 00000000 00000000 000005D0 00000028
00C 01EE1 00000000 00000003 00000007 00000000 00000000 00000000 00000000 00000002 00000001 00000000 00000000 00000000 00000000 00000000 000005D0 00000024
00E 117E1 00000000 00000000 00000007 00000000 00000000 00000000 00000000 00000002 00000001 00000000 00000000 00000000 00000000 00000000 000005CD 00000024
010 118E1 00000000 00000001 00000007 00000000 00000000 00000000 00000000 00000002 00000001 00000000 00000000 00000000 00000000 00000000 000005CD 00000024
012 11FE1 00000000 00000002 00000007 00000000 00000000 00000000 00000000 00000002 00000001 00000000 00000000 00000000 00000000 00000000 000005CD 00000024
014 0A180 00000000 0000001A 00000007 00000000 00000000 00000000 00000000 00000002 00000001 00000000 00000000 00000000 00000000 00000000 000005CD 00000024
01A 0A187 00000000 00000020 00000007 00000000 00000000 00000000 00000000 00000002 00000001 00000000 00000000 00000000 00000000 00000000 000005CD 00000024
020 01771 00000000 00000001 00000007 00000000 00000000 00000000 00000000 00000002 00000001 00000000 00000000 00000000 00000000 00000000 000005CD 00000024
022 0FF10 00000000 0000000C 00000007 00000000 00000000 00000000 00000000 00000001 00000001 00000000 00000000 00000000 00000000 00000000 000005CD 00000024
00C 01EE1 00000000 00000003 00000007 00000000 00000000 00000000 00000000 00000001 00000001 00000000 00000000 00000000 00000000 00000000 000005CD 00000024
00E 117E1 00000000 00000000 00000007 00000000 00000000 00000000 00000000 00000001 00000001 00000000 00000000 00000000 00000000 00000000 000005CA 00000024
010 118E1 00000000 00000001 00000007 00000000 00000000 00000000 00000000 00000001 00000001 00000000 00000000 00000000 00000000 00000000 000005CA 00000024
012 11FE1 00000000 00000002 00000007 00000000 00000000 00000000 00000000 00000001 00000001 00000000 00000000 00000000 00000000 00000000 000005CA 00000024
014 0A180 00000000 0000001A 00000007 00000000 00000000 00000000 00000000 00000001 00000001 00000000 00000000 00000000 00000000 00000000 000005CA 00000024
01A 0A187 00000000 00000020 00000007 00000000 00000000 00000000 00000000 00000001 00000001 00000000 00000000 00000000 00000000 00000000 000005CA 00000024
01C 00221 00000000 00000001 00000007 00000000 00000000 00000000 00000000 00000001 00000001 00000000 00000000 00000000 00000000 00000000 000005CA 00000024
01E 09100 00000000 00000028 00000008 00000000 00000000 00000000 00000000 00000001 00000001 00000000 00000000 00000000 00000000 00000000 000005CA 00000024
028 10FE1 00000000 00000002 00000008 00000000 00000000 00000000 00000000 00000001 00000001 00000000 00000000 00000000 00000000 00000000 000005CA 00000024
02A 108E1 00000000 00000001 00000008 00000000 00000000 00000000 00000000 00000001 00000001 00000000 00000000 00000000 00000000 00000000 000005CA 00000024
02C 107E1 00000000 00000000 00000008 00000000 00000000 00000000 00000000 00000001 00000001 00000000 00000000 00000000 00000000 00000000 000005CA 00000024
02E 00EE1 00000000 00000003 00000008 00000000 00000000 00000000 00000000 00000001 00000001 00000000 00000000 00000000 00000000 00000000 000005CA 00000024
030 09F00 00000000 00000000 00000008 00000000 00000000 00000000 00000000 00000001 00000001 00000000 00000000 00000000 00000000 00000000 000005CD 00000024
024 01881 00000000 00000001 00000008 00000000 00000000 00000000 00000000 00000001 00000001 00000000 00000000 00000000 00000000 00000000 000005CD 00000024
026 0FF10 00000000 0000000C 00000008 00000000 00000000 00000000 00000000 00000001 00000000 00000000 00000000 00000000 00000000 00000000 000005CD 00000024
00C 01EE1 00000000 00000003 00000008 00000000 00000000 00000000 00000000 00000001 00000000 00000000 00000000 00000000 00000000 00000000 000005CD 00000028
00E 117E1 00000000 00000000 00000008 00000000 00000000 00000000 00000000 00000001 00000000 00000000 00000000 00000000 00000000 00000000 000005CA 00000028
010 118E1 00000000 00000001 00000008 00000000 00000000 00000000 00000000 00000001 00000000 00000000 00000000 00000000 00000000 00000000 000005CA 00000028
012 11FE1 00000000 00000002 00000008 00000000 00000000 00000000 00000000 00000001 00000000 00000000 00000000 00000000 00000000 00000000 000005CA 00000028
014 0A180 00000000 0000001A 00000008 00000000 00000000 00000000 00000000 00000001 00000000 00000000 00000000 00000000 00000000 00000000 000005CA 00000028
016 00221 00000000 00000001 00000008 00000000 00000000 00000000 00000000 00000001 00000000 00000000 00000000 00000000 00000000 00000000 000005CA 00000028
018 09100 00000000 00000028 00000009 00000000 00000000 00000000 00000000 00000001 00000000 00000000 00000000 00000000 00000000 00000000 000005CA 00000028
028 10FE1 00000000 00000002 00000009 00000000 00000000 00000000 00000000 00000001 00000000 00000000 00000000 00000000 00000000 00000000 000005CA 00000028
02A 108E1 00000000 00000001 00000009 00000000 00000000 00000000 00000000 00000001 00000000 00000000 00000000 00000000 00000000 00000000 000005CA 00000028
02C 107E1 00000000 00000000 00000009 00000000 00000000 00000000 00000000 00000001 00000000 00000000 00000000 00000000 00000000 00000000 000005CA 00000028
02E 00EE1 00000000 00000003 00000009 00000000 00000000 00000000 00000000 00000001 00000000 00000000 00000000 00000000 00000000 00000000 000005CA 00000028
030 09F00 00000000 00000000 00000009 00000000 00000000 00000000 00000000 00000001 00000000 00000000 00000000 00000000 00000000 00000000 000005CD 00000028
028 10FE1 00000000 00000002 00000009 00000000 00000000 00000000 00000000 00000001 00000000 00000000 00000000 00000000 00000000 00000000 000005CD 00000028
02A 108E1 00000000 00000001 00000009 00000000 00000000 00000000 00000000 00000001 00000000 00000000 00000000 00000000 00000000 00000000 000005CD 00000024
02C 107E1 00000000 00000000 00000009 00000000 00000000 00000000 00000000 00000001 00000001 00000000 00000000 00000000 00000000 00000000 000005CD 00000024
02E 00EE1 00000000 00000003 00000009 00000000 00000000 00000000 00000000 00000002 00000001 00000000 00000000 00000000 00000000 00000000 000005CD 00000024
030 09F00 00000000 00000000 00000009 00000000 00000000 00000000 00000000 00000002 00000001 00000000 00000000 00000000 00000000 00000000 000005D0 00000024
024 01881 00000000 00000001 00000009 00000000 00000000 00000000 00000000 00000002 00000001 00000000 00000000 00000000 00000000 00000000 000005D0 00000024
026 0FF10 00000000 0000000C 00000009 00000000 00000000 00000000 00000000 00000002 00000000 00000000 00000000 00000000 00000000 00000000 000005D0 00000024
00C 01EE1 00000000 00000003 00000009 00000000 00000000 00000000 00000000 00000002 00000000 00000000 00000000 00000000 00000000 00000000 000005D0 00000028
00E 117E1 00000000 00000000 00000009 00000000 00000000 00000000 00000000 00000002 00000000 00000000 00000000 00000000 00000000 00000000 000005CD 00000028
010 118E1 00000000 00000001 00000009 00000000 00000000 00000000 00000000 00000002 00000000 00000000 00000000 00000000 00000000 00000000 000005CD 00000028
012 11FE1 00000000 00000002 00000009 00000000 00000000 00000000 00000000 00000002 00000000 00000000 00000000 00000000 00000000 00000000 000005CD 00000028
014 0A180 00000000 0000001A 00000009 00000000 00000000 00000000 00000000 00000002 00000000 00000000 00000000 00000000 00000000 00000000 000005CD 00000028
016 00221 00000000 00000001 00000009 00000000 00000000 00000000 00000000 00000002 00000000 00000000 00000000 00000000 00000000 00000000 000005CD 00000028
018 09100 00000000 00000028 0000000A 00000000 00000000 00000000 00000000 00000002 00000000 00000000 00000000 00000000 00000000 00000000 000005CD 00000028
028 10FE1 00000000 00000002 0000000A 00000000 00000000 00000000 00000000 00000002 00000000 00000000 00000000 00000000 00000000 00000000 000005CD 00000028
02A 108E1 00000000 00000001 0000000A 00000000 00000000 00000000 00000000 00000002 00000000 00000000 00000000 00000000 00000000 00000000 000005CD 00000028
02C 107E1 00000000 00000000 0000000A 00000000 00000000 00000000 00000000 00000002 00000000 00000000 00000000 00000000 00000000 00000000 000005CD 00000028
02E 00EE1 00000000 00000003 0000000A 00000000 00000000 00000000 00000000 00000002 00000000 00000000 00000000 00000000 00000000 00000000 000005CD 00000028
030 09F00 00000000 00000000 0000000A 00000000 00000000 00000000 00000000 00000002 00000000 00000000 00000000 00000000 00000000 00000000 000005D0 00000028
028 10FE1 00000000 00000002 0000000A 00000000 00000000 00000000 00000000 00000002 00000000 00000000 00000000 00000000 00000000 00000000 000005D0 00000028
02A 108E1 00000000 00000001 0000000A 00000000 00000000 00000000 00000000 00000002 00000000 00000000 00000000 00000000 00000000 00000000 000005D0 00000028
02C 107E1 00000000 00000000 0000000A 00000000 00000000 00000000 00000000 00000002 00000001 00000000 00000000 00000000 00000000 00000000 000005D0 00000028
02E 00EE1 00000000 00000003 0000000A 00000000 00000000 00000000 00000000 00000003 00000001 00000000 00000000 00000000 00000000 00000000 000005D0 00000028
030 09F00 00000000 00000000 0000000A 00000000 00000000 00000000 00000000 00000003 00000001 00000000 00000000 00000000 00000000 00000000 000005D3 00000028
028 10FE1 00000000 00000002 0000000A 00000000 00000000 00000000 00000000 00000003 00000001 00000000 00000000 00000000 00000000 00000000 000005D3 00000028
02A 108E1 00000000 00000001 0000000A 00000000 00000000 00000000 00000000 00000003 00000001 00000000 00000000 00000000 00000000 00000000 000005D3 00000028
02C 107E1 00000000 00000000 0000000A 00000000 00000000 00000000 00000000 00000003 00000002 00000000 00000000 00000000 00000000 00000000 000005D3 00000028
02E 00EE1 00000000 00000003 0000000A 00000000 00000000 00000000 00000000 00000004 00000002 00000000 00000000 00000000 00000000 00000000 000005D3 00000028
030 09F00 00000000 00000000 0000000A 00000000 00000000 00000000 00000000 00000004 00000002 00000000 00000000 00000000 00000000 00000000 000005D6 00000028
028 10FE1 00000000 00000002 0000000A 00000000 00000000 00000000 00000000 00000004 00000002 00000000 00000000 00000000 00000000 00000000 000005D6 00000028
02A 108E1 00000000 00000001 0000000A 00000000 00000000 00000000 00000000 00000004 00000002 00000000 00000000 00000000 00000000 00000000 000005D6 00000024
02C 107E1 00000000 00000000 0000000A 00000000 00000000 00000000 00000000 00000004 00000003 00000000 00000000 00000000 00000000 00000000 000005D6 00000024
02E 00EE1 00000000 00000003 0000000A 00000000 00000000 00000000 00000000 00000005 00000003 00000000 00000000 00000000 00000000 00000000 000005D6 00000024
030 09F00 00000000 00000000 0000000A 00000000 00000000 00000000 00000000 00000005 00000003 00000000 00000000 00000000 00000000 00000000 000005D9 00000024
024 01881 00000000 00000001 0000000A 00000000 00000000 00000000 00000000 00000005 00000003 00000000 00000000 00000000 00000000 00000000 000005D9 00000024
026 0FF10 00000000 0000000C 0000000A 00000000 00000000 00000000 00000000 00000005 00000002 00000000 00000000 00000000 00000000 00000000 000005D9 00000024
00C 01EE1 00000000 00000003 0000000A 00000000 00000000 00000000 00000000 00000005 00000002 00000000 00000000 00000000 00000000 00000000 000005D9 00000028
00E 117E1 00000000 00000000 0000000A 00000000 00000000 00000000 00000000 00000005 00000002 00000000 00000000 00000000 00000000 00000000 000005D6 00000028
010 118E1 00000000 00000001 0000000A 00000000 00000000 00000000 00000000 00000005 00000002 00000000 00000000 00000000 00000000 00000000 000005D6 00000028
012 11FE1 00000000 00000002 0000000A 00000000 00000000 00000000 00000000 00000005 00000002 00000000 00000000 00000000 00000000 00000000 000005D6 00000028
014 0A180 00000000 0000001A 0000000A 00000000 00000000 00000000 00000000 00000005 00000002 00000000 00000000 00000000 00000000 00000000 000005D6 00000028
01A 0A187 00000000 00000020 0000000A 00000000 00000000 00000000 00000000 00000005 00000002 00000000 00000000 00000000 00000000 00000000 000005D6 00000028
020 01771 00000000 00000001 0000000A 00000000 00000000 00000000 00000000 00000005 00000002 00000000 00000000 00000000 00000000 00000000 000005D6 00000028
022 0FF10 00000000 0000000C 0000000A 00000000 00000000 00000000 00000000 00000004 00000002 00000000 00000000 00000000 00000000 00000000 000005D6 00000028
00C 01EE1 00000000 00000003 0000000A 00000000 00000000 00000000 00000000 00000004 00000002 00000000 00000000 00000000 00000000 00000000 000005D6 00000024
00E 117E1 00000000 00000000 0000000A 00000000 00000000 00000000 00000000 00000004 00000002 00000000 00000000 00000000 00000000 00000000 000005D3 00000024
010 118E1 00000000 00000001 0000000A 00000000 00000000 00000000 00000000 00000004 00000002 00000000 00000000 00000000 00000000 00000000 000005D3 00000024
012 11FE1 00000000 00000002 0000000A 00000000 00000000 00000000 00000000 00000004 00000002 00000000 00000000 00000000 00000000 00000000 000005D3 00000024
014 0A180 00000000 0000001A 0000000A 00000000 00000000 00000000 00000000 00000004 00000002 00000000 00000000 00000000 00000000 00000000 000005D3 00000024
01A 0A187 00000000 00000020 0000000A 00000000 00000000 00000000 00000000 00000004 00000002 00000000 00000000 00000000 00000000 00000000 000005D3 00000024
020 01771 00000000 00000001 0000000A 00000000 00000000 00000000 00000000 00000004 00000002 00000000 00000000 00000000 00000000 00000000 000005D3 00000024
022 0FF10 00000000 0000000C 0000000A 00000000 00000000 00000000 00000000 00000003 00000002 00000000 00000000 00000000 00000000 00000000 000005D3 00000024
00C 01EE1 00000000 00000003 0000000A 00000000 00000000 00000000 00000000 00000003 00000002 00000000 00000000 00000000 00000000 00000000 000005D3 00000024
00E 117E1 00000000 00000000 0000000A 00000000 00000000 00000000 00000000 00000003 00000002 00000000 00000000 00000000 00000000 00000000 000005D0 00000024
010 118E1 00000000 00000001 0000000A 00000000 00000000 00000000 00000000 00000003 00000002 00000000 00000000 00000000 00000000 00000000 000005D0 00000024
012 11FE1 00000000 00000002 0000000A 00000000 00000000 00000000 00000000 00000003 00000002 00000000 00000000 00000000 00000000 00000000 000005D0 00000024
014 0A180 00000000 0000001A 0000000A 00000000 00000000 00000000 00000000 00000003 00000002 00000000 00000000 00000000 00000000 00000000 000005D0 00000024
01A 0A187 00000000 00000020 0000000A 00000000 00000000 00000000 00000000 00000003 00000002 00000000 00000000 00000000 00000000 00000000 000005D0 00000024
020 01771 00000000 00000001 0000000A 00000000 00000000 00000000 00000000 00000003 00000002 00000000 00000000 00000000 00000000 00000000 000005D0 00000024
022 0FF10 00000000 0000000C 0000000A 00000000 00000000 00000000 00000000 00000002 00000002 00000000 00000000 00000000 00000000 00000000 000005D0 00000024
00C 01EE1 00000000 00000003 0000000A 00000000 00000000 00000000 00000000 00000002 00000002 00000000 00000000 00000000 00000000 00000000 000005D0 00000024
00E 117E1 00000000 00000000 0000000A 00000000 00000000 00000000 00000000 00000002 00000002 00000000 00000000 00000000 00000000 00000000 000005CD 00000024
010 118E1 00000000 00000001 0000000A 00000000 00000000 00000000 00000000 00000002 00000002 00000000 00000000 00000000 00000000 00000000 000005CD 00000024
012 11FE1 00000000 00000002 0000000A 00000000 00000000 00000000 00000000 00000002 00000002 00000000 00000000 00000000 00000000 00000000 000005CD 00000024
014 0A180 00000000 0000001A 0000000A 00000000 00000000 00000000 00000000 00000002 00000002 00000000 00000000 00000000 00000000 00000000 000005CD 00000024
01A 0A187 00000000 00000020 0000000A 00000000 00000000 00000000 00000000 00000002 00000002 00000000 00000000 00000000 00000000 00000000 000005CD 00000024
01C 00221 00000000 00000001 0000000A 00000000 00000000 00000000 00000000 00000002 00000002 00000000 00000000 00000000 00000000 00000000 000005CD 00000024
01E 09100 00000000 00000028 0000000B 00000000 00000000 00000000 00000000 00000002 00000002 00000000 00000000 00000000 00000000 00000000 000005CD 00000024
028 10FE1 00000000 00000002 0000000B 00000000 00000000 00000000 00000000 00000002 00000002 00000000 00000000 00000000 00000000 00000000 000005CD 00000024
02A 108E1 00000000 00000001 0000000B 00000000 00000000 00000000 00000000 00000002 00000002 00000000 00000000 00000000 00000000 00000000 000005CD 00000024
02C 107E1 00000000 00000000 0000000B 00000000 00000000 00000000 00000000 00000002 00000002 00000000 00000000 00000000 00000000 00000000 000005CD 00000024
02E 00EE1 00000000 00000003 0000000B 00000000 00000000 00000000 00000000 00000002 00000002 00000000 00000000 00000000 00000000 00000000 000005CD 00000024
030 09F00 00000000 00000000 0000000B 00000000 00000000 00000000 00000000 00000002 00000002 00000000 00000000 00000000 00000000 00000000 000005D0 00000024
024 01881 00000000 00000001 0000000B 00000000 00000000 00000000 00000000 00000002 00000002 00000000 00000000 00000000 00000000 00000000 000005D0 00000024
026 0FF10 00000000 0000000C 0000000B 00000000 00000000 00000000 00000000 00000002 00000001 00000000 00000000 00000000 00000000 00000000 000005D0 00000024
00C 01EE1 00000000 00000003 0000000B 00000000 00000000 00000000 00000000 00000002 00000001 00000000 00000000 00000000 00000000 00000000 000005D0 00000028
00E 117E1 00000000 00000000 0000000B 00000000 00000000 00000000 00000000 00000002 00000001 00000000 00000000 00000000 00000000 00000000 000005CD 00000028
010 118E1 00000000 00000001 0000000B 00000000 00000000 00000000 00000000 00000002 00000001 00000000 00000000 00000000 00000000 00000000 000005CD 00000028
012 11FE1 00000000 00000002 0000000B 00000000 00000000 00000000 00000000 00000002 00000001 00000000 00000000 00000000 00000000 00000000 000005CD 00000028
014 0A180 00000000 0000001A 0000000B 00000000 00000000 00000000 00000000 00000002 00000001 00000000 00000000 00000000 00000000 00000000 000005CD 00000028
01A 0A187 00000000 00000020 0000000B 00000000 00000000 00000000 00000000 00000002 00000001 00000000 00000000 00000000 00000000 00000000 000005CD 00000028
020 01771 00000000 00000001 0000000B 00000000 00000000 00000000 00000000 00000002 00000001 00000000 00000000 00000000 00000000 00000000 000005CD 00000028
022 0FF10 00000000 0000000C 0000000B 00000000 00000000 00000000 00000000 00000001 00000001 00000000 00000000 00000000 00000000 00000000 000005CD 00000028
00C 01EE1 00000000 00000003 0000000B 00000000 00000000 00000000 00000000 00000001 00000001 00000000 00000000 00000000 00000000 00000000 000005CD 00000024
00E 117E1 00000000 00000000 0000000B 00000000 00000000 00000000 00000000 00000001 00000001 00000000 00000000 00000000 00000000 00000000 000005CA 00000024
010 118E1 00000000 00000001 0000000B 00000000 00000000 00000000 00000000 00000001 00000001 00000000 00000000 00000000 00000000 00000000 000005CA 00000024
012 11FE1 00000000 00000002 0000000B 00000000 00000000 00000000 00000000 00000001 00000001 00000000 00000000 00000000 00000000 00000000 000005CA 00000024
014 0A180 00000000 0000001A 0000000B 00000000 00000000 00000000 00000000 00000001 00000001 00000000 00000000 00000000 00000000 00000000 000005CA 00000024
01A 0A187 00000000 00000020 0000000B 00000000 00000000 00000000 00000000 00000001 00000001 00000000 00000000 00000000 00000000 00000000 000005CA 00000024
01C 00221 00000000 00000001 0000000B 00000000 00000000 00000000 00000000 00000001 00000001 00000000 00000000 00000000 00000000 00000000 000005CA 00000024
01E 09100 00000000 00000028 0000000C 00000000 00000000 00000000 00000000 00000001 00000001 00000000 00000000 00000000 00000000 00000000 000005CA 00000024
028 10FE1 00000000 00000002 0000000C 00000000 00000000 00000000 00000000 00000001 00000001 00000000 00000000 00000000 00000000 00000000 000005CA 00000024
02A 108E1 00000000 00000001 0000000C 00000000 00000000 00000000 00000000 00000001 00000001 00000000 00000000 00000000 00000000 00000000 000005CA 00000024
02C 107E1 00000000 00000000 0000000C 00000000 00000000 00000000 00000000 00000001 00000001 00000000 00000000 00000000 00000000 00000000 000005CA 00000024
02E 00EE1 00000000 00000003 0000000C 00000000 00000000 00000000 00000000 00000001 00000001 00000000 00000000 00000000 00000000 00000000 000005CA 00000024
030 09F00 00000000 00000000 0000000C 00000000 00000000 00000000 00000000 00000001 00000001 00000000 00000000 00000000 00000000 00000000 000005CD 00000024
024 01881 00000000 00000001 0000000C 00000000 00000000 00000000 00000000 00000001 00000001 00000000 00000000 00000000 00000000 00000000 000005CD 00000024
026 0FF10 00000000 0000000C 0000000C 00000000 00000000 00000000 00000000 00000001 00000000 00000000 00000000 00000000 00000000 00000000 000005CD 00000024
00C 01EE1 00000000 00000003 0000000C 00000000 00000000 00000000 00000000 00000001 00000000 00000000 00000000 00000000 00000000 00000000 000005CD 00000028
00E 117E1 00000000 00000000 0000000C 00000000 00000000 00000000 00000000 00000001 00000000 00000000 00000000 00000000 00000000 00000000 000005CA 00000028
010 118E1 00000000 00000001 0000000C 00000000 00000000 00000000 00000000 00000001 00000000 00000000 00000000 00000000 00000000 00000000 000005CA 00000028
012 11FE1 00000000 00000002 0000000C 00000000 00000000 00000000 00000000 00000001 00000000 00000000 00000000 00000000 00000000 00000000 000005CA 00000028
014 0A180 00000000 0000001A 0000000C 00000000 00000000 00000000 00000000 00000001 00000000 00000000 00000000 00000000 00000000 00000000 000005CA 00000028
016 00221 00000000 00000001 0000000C 00000000 00000000 00000000 00000000 00000001 00000000 00000000 00000000 00000000 00000000 00000000 000005CA 00000028
018 09100 00000000 00000028 0000000D 00000000 00000000 00000000 00000000 00000001 00000000 00000000 00000000 00000000 00000000 00000000 000005CA 00000028
028 10FE1 00000000 00000002 0000000D 00000000 00000000 00000000 00000000 00000001 00000000 00000000 00000000 00000000 00000000 00000000 000005CA 00000028
02A 108E1 00000000 00000001 0000000D 00000000 00000000 00000000 00000000 00000001 00000000 00000000 00000000 00000000 00000000 00000000 000005CA 00000028
02C 107E1 00000000 00000000 0000000D 00000000 00000000 00000000 00000000 00000001 00000000 00000000 00000000 00000000 00000000 00000000 000005CA 00000028
02E 00EE1 00000000 00000003 0000000D 00000000 00000000 00000000 00000000 00000001 00000000 00000000 00000000 00000000 00000000 00000000 000005CA 00000028
030 09F00 00000000 00000000 0000000D 00000000 00000000 00000000 00000000 00000001 00000000 00000000 00000000 00000000 00000000 00000000 000005CD 00000028
028 10FE1 00000000 00000002 0000000D 00000000 00000000 00000000 00000000 00000001 00000000 00000000 00000000 00000000 00000000 00000000 000005CD 00000028
02A 108E1 00000000 00000001 0000000D 00000000 00000000 00000000 00000000 00000001 00000000 00000000 00000000 00000000 00000000 00000000 000005CD 00000028
02C 107E1 00000000 00000000 0000000D 00000000 00000000 00000000 00000000 00000001 00000001 00000000 00000000 00000000 00000000 00000000 000005CD 00000028
02E 00EE1 00000000 00000003 0000000D 00000000 00000000 00000000 00000000 00000002 00000001 00000000 00000000 00000000 00000000 00000000 000005CD 00000028
030 09F00 00000000 00000000 0000000D 00000000 00000000 00000000 00000000 00000002 00000001 00000000 00000000 00000000 00000000 00000000 000005D0 00000028
028 10FE1 00000000 00000002 0000000D 00000000 00000000 00000000 00000000 00000002 00000001 00000000 00000000 00000000 00000000 00000000 000005D0 00000028
02A 108E1 00000000 00000001 0000000D 00000000 00000000 00000000 00000000 00000002 00000001 00000000 00000000 00000000 00000000 00000000 000005D0 00000024
02C 107E1 00000000 00000000 0000000D 00000000 00000000 00000000 00000000 00000002 00000002 00000000 00000000 00000000 00000000 00000000 000005D0 00000024
02E 00EE1 00000000 00000003 0000000D 00000000 00000000 00000000 00000000 00000003 00000002 00000000 00000000 00000000 00000000 00000000 000005D0 00000024
030 09F00 00000000 00000000 0000000D 00000000 00000000 00000000 00000000 00000003 00000002 00000000 00000000 00000000 00000000 00000000 000005D3 00000024
024 01881 00000000 00000001 0000000D 00000000 00000000 00000000 00000000 00000003 00000002 00000000 00000000 00000000 00000000 00000000 000005D3 00000024
026 0FF10 00000000 0000000C 0000000D 00000000 00000000 00000000 00000000 00000003 00000001 00000000 00000000 00000000 00000000 00000000 000005D3 00000024
00C 01EE1 00000000 00000003 0000000D 00000000 00000000 00000000 00000000 00000003 00000001 00000000 00000000 00000000 00000000 00000000 000005D3 00000028
00E 117E1 00000000 00000000 0000000D 00000000 00000000 00000000 00000000 00000003 00000001 00000000 00000000 00000000 00000000 00000000 000005D0 00000028
010 118E1 00000000 00000001 0000000D 00000000 00000000 00000000 00000000 00000003 00000001 00000000 00000000 00000000 00000000 00000000 000005D0 00000028
012 11FE1 00000000 00000002 0000000D 00000000 00000000 00000000 00000000 00000003 00000001 00000000 00000000 00000000 00000000 00000000 000005D0 00000028
014 0A180 00000000 0000001A 0000000D 00000000 00000000 00000000 00000000 00000003 00000001 00000000 00000000 00000000 00000000 00000000 000005D0 00000028
01A 0A187 00000000 00000020 0000000D 00000000 00000000 00000000 00000000 00000003 00000001 00000000 00000000 00000000 00000000 00000000 000005D0 00000028
020 01771 00000000 00000001 0000000D 00000000 00000000 00000000 00000000 00000003 00000001 00000000 00000000 00000000 00000000 00000000 000005D0 00000028
022 0FF10 00000000 0000000C 0000000D 00000000 00000000 00000000 00000000 00000002 00000001 00000000 00000000 00000000 00000000 00000000 000005D0 00000028
00C 01EE1 00000000 00000003 0000000D 00000000 00000000 00000000 00000000 00000002 00000001 00000000 00000000 00000000 00000000 00000000 000005D0 00000024
00E 117E1 00000000 00000000 0000000D 00000000 00000000 00000000 00000000 00000002 00000001 00000000 00000000 00000000 00000000 00000000 000005CD 00000024
010 118E1 00000000 00000001 0000000D 00000000 00000000 00000000 00000000 00000002 00000001 00000000 00000000 00000000 00000000 00000000 000005CD 00000024
012 11FE1 00000000 00000002 0000000D 00000000 00000000 00000000 00000000 00000002 00000001 00000000 00000000 00000000 00000000 00000000 000005CD 00000024
014 0A180 00000000 0000001A 0000000D 00000000 00000000 00000000 00000000 00000002 00000001 00000000 00000000 00000000 00000000 00000000 000005CD 00000024
01A 0A187 00000000 00000020 0000000D 00000000 00000000 00000000 00000000 00000002 00000001 00000000 00000000 00000000 00000000 00000000 000005CD 00000024
020 01771 00000000 00000001 0000000D 00000000 00000000 00000000 00000000 00000002 00000001 00000000 00000000 00000000 00000000 00000000 000005CD 00000024
022 0FF10 00000000 0000000C 0000000D 00000000 00000000 00000000 00000000 00000001 00000001 00000000 00000000 00000000 00000000 00000000 000005CD 00000024
00C 01EE1 00000000 00000003 0000000D 00000000 00000000 00000000 00000000 00000001 00000001 00000000 00000000 00000000 00000000 00000000 000005CD 00000024
00E 117E1 00000000 00000000 0000000D 00000000 00000000 00000000 00000000 00000001 00000001 00000000 00000000 00000000 00000000 00000000 000005CA 00000024
010 118E1 00000000 00000001 0000000D 00000000 00000000 00000000 00000000 00000001 00000001 00000000 00000000 00000000 00000000 00000000 000005CA 00000024
012 11FE1 00000000 00000002 0000000D 00000000 00000000 00000000 00000000 00000001 00000001 00000000 00000000 00000000 00000000 00000000 000005CA 00000024
014 0A180 00000000 0000001A 0000000D 00000000 00000000 00000000 00000000 00000001 00000001 00000000 00000000 00000000 00000000 00000000 000005CA 00000024
01A 0A187 00000000 00000020 0000000D 00000000 00000000 00000000 00000000 00000001 00000001 00000000 00000000 00000000 00000000 00000000 000005CA 00000024
01C 00221 00000000 00000001 0000000D 00000000 00000000 00000000 00000000 00000001 00000001 00000000 00000000 00000000 00000000 00000000 000005CA 00000024
01E 09100 00000000 00000028 0000000E 00000000 00000000 00000000 00000000 00000001 00000001 00000000 00000000 00000000 00000000 00000000 000005CA 00000024
028 10FE1 00000000 00000002 0000000E 00000000 00000000 00000000 00000000 00000001 00000001 00000000 00000000 00000000 00000000 00000000 000005CA 00000024
02A 108E1 00000000 00000001 0000000E 00000000 00000000 00000000 00000000 00000001 00000001 00000000 00000000 00000000 00000000 00000000 000005CA 00000024
02C 107E1 00000000 00000000 0000000E 00000000 00000000 00000000 00000000 00000001 00000001 00000000 00000000 00000000 00000000 00000000 000005CA 00000024
02E 00EE1 00000000 00000003 0000000E 00000000 00000000 00000000 00000000 00000001 00000001 00000000 00000000 00000000 00000000 00000000 000005CA 00000024
030 09F00 00000000 00000000 0000000E 00000000 00000000 00000000 00000000 00000001 00000001 00000000 00000000 00000000 00000000 00000000 000005CD 00000024
024 01881 00000000 00000001 0000000E 00000000 00000000 00000000 00000000 00000001 00000001 00000000 00000000 00000000 00000000 00000000 000005CD 00000024
026 0FF10 00000000 0000000C 0000000E 00000000 00000000 00000000 00000000 00000001 00000000 00000000 00000000 00000000 00000000 00000000 000005CD 00000024
00C 01EE1 00000000 00000003 0000000E 00000000 00000000 00000000 00000000 00000001 00000000 00000000 00000000 00000000 00000000 00000000 000005CD 00000028
00E 117E1 00000000 00000000 0000000E 00000000 00000000 00000000 00000000 00000001 00000000 00000000 00000000 00000000 00000000 00000000 000005CA 00000028
010 118E1 00000000 00000001 0000000E 00000000 00000000 00000000 00000000 00000001 00000000 00000000 00000000 00000000 00000000 00000000 000005CA 00000028
012 11FE1 00000000 00000002 0000000E 00000000 00000000 00000000 00000000 00000001 00000000 00000000 00000000 00000000 00000000 00000000 000005CA 00000028
014 0A180 00000000 0000001A 0000000E 00000000 00000000 00000000 00000000 00000001 00000000 00000000 00000000 00000000 00000000 00000000 000005CA 00000028
016 00221 00000000 00000001 0000000E 00000000 00000000 00000000 00000000 00000001 00000000 00000000 00000000 00000000 00000000 00000000 000005CA 00000028
018 09100 00000000 00000028 0000000F 00000000 00000000 00000000 00000000 00000001 00000000 00000000 00000000 00000000 00000000 00000000 000005CA 00000028
028 10FE1 00000000 00000002 0000000F 00000000 00000000 00000000 00000000 00000001 00000000 00000000 00000000 00000000 00000000 00000000 000005CA 00000028
02A 108E1 00000000 00000001 0000000F 00000000 00000000 00000000 00000000 00000001 00000000 00000000 00000000 00000000 00000000 00000000 000005CA 00000028
02C 107E1 00000000 00000000 0000000F 00000000 00000000 00000000 00000000 00000001 00000000 00000000 00000000 00000000 00000000 00000000 000005CA 00000028
02E 00EE1 00000000 00000003 0000000F 00000000 00000000 00000000 00000000 00000001 00000000 00000000 00000000 00000000 00000000 00000000 000005CA 00000028
030 09F00 00000000 00000000 0000000F 00000000 00000000 00000000 00000000 00000001 00000000 00000000 00000000 00000000 00000000 00000000 000005CD 00000028
028 10FE1 00000000 00000002 0000000F 00000000 00000000 00000000 00000000 00000001 00000000 00000000 00000000 00000000 00000000 00000000 000005CD 00000028
02A 108E1 00000000 00000001 0000000F 00000000 00000000 00000000 00000000 00000001 00000000 00000000 00000000 00000000 00000000 00000000 000005CD 00000024
02C 107E1 00000000 00000000 0000000F 00000000 00000000 00000000 00000000 00000001 00000001 00000000 00000000 00000000 00000000 00000000 000005CD 00000024
02E 00EE1 00000000 00000003 0000000F 00000000 00000000 00000000 00000000 00000002 00000001 00000000 00000000 00000000 00000000 00000000 000005CD 00000024
030 09F00 00000000 00000000 0000000F 00000000 00000000 00000000 00000000 00000002 00000001 00000000 00000000 00000000 00000000 00000000 000005D0 00000024
024 01881 00000000 00000001 0000000F 00000000 00000000 00000000 00000000 00000002 00000001 00000000 00000000 00000000 00000000 00000000 000005D0 00000024
026 0FF10 00000000 0000000C 0000000F 00000000 00000000 00000000 00000000 00000002 00000000 00000000 00000000 00000000 00000000 00000000 000005D0 00000024
00C 01EE1 00000000 00000003 0000000F 00000000 00000000 00000000 00000000 00000002 00000000 00000000 00000000 00000000 00000000 00000000 000005D0 00000028
00E 117E1 00000000 00000000 0000000F 00000000 00000000 00000000 00000000 00000002 00000000 00000000 00000000 00000000 00000000 00000000 000005CD 00000028
010 118E1 00000000 00000001 0000000F 00000000 00000000 00000000 00000000 00000002 00000000 00000000 00000000 00000000 00000000 00000000 000005CD 00000028
012 11FE1 00000000 00000002 0000000F 00000000 00000000 00000000 00000000 00000002 00000000 00000000 00000000 00000000 00000000 00000000 000005CD 00000028
014 0A180 00000000 0000001A 0000000F 00000000 00000000 00000000 00000000 00000002 00000000 00000000 00000000 00000000 00000000 00000000 000005CD 00000028
016 00221 00000000 00000001 0000000F 00000000 00000000 00000000 00000000 00000002 00000000 00000000 00000000 00000000 00000000 00000000 000005CD 00000028
018 09100 00000000 00000028 00000010 00000000 00000000 00000000 00000000 00000002 00000000 00000000 00000000 00000000 00000000 00000000 000005CD 00000028
028 10FE1 00000000 00000002 00000010 00000000 00000000 00000000 00000000 00000002 00000000 00000000 00000000 00000000 00000000 00000000 000005CD 00000028
02A 108E1 00000000 00000001 00000010 00000000 00000000 00000000 00000000 00000002 00000000 00000000 00000000 00000000 00000000 00000000 000005CD 00000028
02C 107E1 00000000 00000000 00000010 00000000 00000000 00000000 00000000 00000002 00000000 00000000 00000000 00000000 00000000 00000000 000005CD 00000028
02E 00EE1 00000000 00000003 00000010 00000000 00000000 00000000 00000000 00000002 00000000 00000000 00000000 00000000 00000000 00000000 000005CD 00000028
030 09F00 00000000 00000000 00000010 00000000 00000000 00000000 00000000 00000002 00000000 00000000 00000000 00000000 00000000 00000000 000005D0 00000028
028 10FE1 00000000 00000002 00000010 00000000 00000000 00000000 00000000 00000002 00000000 00000000 00000000 00000000 00000000 00000000 000005D0 00000028
02A 108E1 00000000 00000001 00000010 00000000 00000000 00000000 00000000 00000002 00000000 00000000 00000000 00000000 00000000 00000000 000005D0 00000028
02C 107E1 00000000 00000000 00000010 00000000 00000000 00000000 00000000 00000002 00000001 00000000 00000000 00000000 00000000 00000000 000005D0 00000028
02E 00EE1 00000000 00000003 00000010 00000000 00000000 00000000 00000000 00000003 00000001 00000000 00000000 00000000 00000000 00000000 000005D0 00000028
030 09F00 00000000 00000000 00000010 00000000 00000000 00000000 00000000 00000003 00000001 00000000 00000000 00000000 00000000 00000000 000005D3 00000028
028 10FE1 00000000 00000002 00000010 00000000 00000000 00000000 00000000 00000003 00000001 00000000 00000000 00000000 00000000 00000000 000005D3 00000028
02A 108E1 00000000 00000001 00000010 00000000 00000000 00000000 00000000 00000003 00000001 00000000 00000000 00000000 00000000 00000000 000005D3 00000024
02C 107E1 00000000 00000000 00000010 00000000 00000000 00000000 00000000 00000003 00000002 00000000 00000000 00000000 00000000 00000000 000005D3 00000024
02E 00EE1 00000000 00000003 00000010 00000000 00000000 00000000 00000000 00000004 00000002 00000000 00000000 00000000 00000000 00000000 000005D3 00000024
030 09F00 00000000 00000000 00000010 00000000 00000000 00000000 00000000 00000004 00000002 00000000 00000000 00000000 00000000 00000000 000005D6 00000024
024 01881 00000000 00000001 00000010 00000000 00000000 00000000 00000000 00000004 00000002 00000000 00000000 00000000 00000000 00000000 000005D6 00000024
026 0FF10 00000000 0000000C 00000010 00000000 00000000 00000000 00000000 00000004 00000001 00000000 00000000 00000000 00000000 00000000 000005D6 00000024
00C 01EE1 00000000 00000003 00000010 00000000 00000000 00000000 00000000 00000004 00000001 00000000 00000000 00000000 00000000 00000000 000005D6 00000028
00E 117E1 00000000 00000000 00000010 00000000 00000000 00000000 00000000 00000004 00000001 00000000 00000000 00000000 00000000 00000000 000005D3 00000028
010 118E1 00000000 00000001 00000010 00000000 00000000 00000000 00000000 00000004 00000001 00000000 00000000 00000000 00000000 00000000 000005D3 00000028
012 11FE1 00000000 00000002 00000010 00000000 00000000 00000000 00000000 00000004 00000001 00000000 00000000 00000000 00000000 00000000 000005D3 00000028
014 0A180 00000000 0000001A 00000010 00000000 00000000 00000000 00000000 00000004 00000001 00000000 00000000 00000000 00000000 00000000 000005D3 00000028
01A 0A187 00000000 00000020 00000010 00000000 00000000 00000000 00000000 00000004 00000001 00000000 00000000 00000000 00000000 00000000 000005D3 00000028
020 01771 00000000 00000001 00000010 00000000 00000000 00000000 00000000 00000004 00000001 00000000 00000000 00000000 00000000 00000000 000005D3 00000028
022 0FF10 00000000 0000000C 00000010 00000000 00000000 00000000 00000000 00000003 00000001 00000000 00000000 00000000 00000000 00000000 000005D3 00000028
00C 01EE1 00000000 00000003 00000010 00000000 00000000 00000000 00000000 00000003 00000001 00000000 00000000 00000000 00000000 00000000 000005D3 00000024
00E 117E1 00000000 00000000 00000010 00000000 00000000 00000000 00000000 00000003 00000001 00000000 00000000 00000000 00000000 00000000 000005D0 00000024
010 118E1 00000000 00000001 00000010 00000000 00000000 00000000 00000000 00000003 00000001 00000000 00000000 00000000 00000000 00000000 000005D0 00000024
012 11FE1 00000000 00000002 00000010 00000000 00000000 00000000 00000000 00000003 00000001 00000000 00000000 00000000 00000000 00000000 000005D0 00000024
014 0A180 00000000 0000001A 00000010 00000000 00000000 00000000 00000000 00000003 00000001 00000000 00000000 00000000 00000000 00000000 000005D0 00000024
01A 0A187 00000000 00000020 00000010 00000000 00000000 00000000 00000000 00000003 00000001 00000000 00000000 00000000 00000000 00000000 000005D0 00000024
020 01771 00000000 00000001 00000010 00000000 00000000 00000000 00000000 00000003 00000001 00000000 00000000 00000000 00000000 00000000 000005D0 00000024
022 0FF10 00000000 0000000C 00000010 00000000 00000000 00000000 00000000 00000002 00000001 00000000 00000000 00000000 00000000 00000000 000005D0 00000024
00C 01EE1 00000000 00000003 00000010 00000000 00000000 00000000 00000000 00000002 00000001 00000000 00000000 00000000 00000000 00000000 000005D0 00000024
00E 117E1 00000000 00000000 00000010 00000000 00000000 00000000 00000000 00000002 00000001 00000000 00000000 00000000 00000000 00000000 000005CD 00000024
010 118E1 00000000 00000001 00000010 00000000 00000000 00000000 00000000 00000002 00000001 00000000 00000000 00000000 00000000 00000000 000005CD 00000024
012 11FE1 00000000 00000002 00000010 00000000 00000000 00000000 00000000 00000002 00000001 00000000 00000000 00000000 00000000 00000000 000005CD 00000024
014 0A180 00000000 0000001A 00000010 00000000 00000000 00000000 00000000 00000002 00000001 00000000 00000000 00000000 00000000 00000000 000005CD 00000024
01A 0A187 00000000 00000020 00000010 00000000 00000000 00000000 00000000 00000002 00000001 00000000 00000000 00000000 00000000 00000000 000005CD 00000024
020 01771 00000000 00000001 00000010 00000000 00000000 00000000 00000000 00000002 00000001 00000000 00000000 00000000 00000000 00000000 000005CD 00000024
022 0FF10 00000000 0000000C 00000010 00000000 00000000 00000000 00000000 00000001 00000001 00000000 00000000 00000000 00000000 00000000 000005CD 00000024
00C 01EE1 00000000 00000003 00000010 00000000 00000000 00000000 00000000 00000001 00000001 00000000 00000000 00000000 00000000 00000000 000005CD 00000024
00E 117E1 00000000 00000000 00000010 00000000 00000000 00000000 00000000 00000001 00000001 00000000 00000000 00000000 00000000 00000000 000005CA 00000024
010 118E1 00000000 00000001 00000010 00000000 00000000 00000000 00000000 00000001 00000001 00000000 00000000 00000000 00000000 00000000 000005CA 00000024
012 11FE1 00000000 00000002 00000010 00000000 00000000 00000000 00000000 00000001 00000001 00000000 00000000 00000000 00000000 00000000 000005CA 00000024
014 0A180 00000000 0000001A 00000010 00000000 00000000 00000000 00000000 00000001 00000001 00000000 00000000 00000000 00000000 00000000 000005CA 00000024
01A 0A187 00000000 00000020 00000010 00000000 00000000 00000000 00000000 00000001 00000001 00000000 00000000 00000000 00000000 00000000 000005CA 00000024
01C 00221 00000000 00000001 00000010 00000000 00000000 00000000 00000000 00000001 00000001 00000000 00000000 00000000 00000000 00000000 000005CA 00000024
01E 09100 00000000 00000028 00000011 00000000 00000000 00000000 00000000 00000001 00000001 00000000 00000000 00000000 00000000 00000000 000005CA 00000024
028 10FE1 00000000 00000002 00000011 00000000 00000000 00000000 00000000 00000001 00000001 00000000 00000000 00000000 00000000 00000000 000005CA 00000024
02A 108E1 00000000 00000001 00000011 00000000 00000000 00000000 00000000 00000001 00000001 00000000 00000000 00000000 00000000 00000000 000005CA 00000024
02C 107E1 00000000 00000000 00000011 00000000 00000000 00000000 00000000 00000001 00000001 00000000 00000000 00000000 00000000 00000000 000005CA 00000024
02E 00EE1 00000000 00000003 00000011 00000000 00000000 00000000 00000000 00000001 00000001 00000000 00000000 00000000 00000000 00000000 000005CA 00000024
030 09F00 00000000 00000000 00000011 00000000 00000000 00000000 00000000 00000001 00000001 00000000 00000000 00000000 00000000 00000000 000005CD 00000024
024 01881 00000000 00000001 00000011 00000000 00000000 00000000 00000000 00000001 00000001 00000000 00000000 00000000 00000000 00000000 000005CD 00000024
026 0FF10 00000000 0000000C 00000011 00000000 00000000 00000000 00000000 00000001 00000000 00000000 00000000 00000000 00000000 00000000 000005CD 00000024
00C 01EE1 00000000 00000003 00000011 00000000 00000000 00000000 00000000 00000001 00000000 00000000 00000000 00000000 00000000 00000000 000005CD 00000028
00E 117E1 00000000 00000000 00000011 00000000 00000000 00000000 00000000 00000001 00000000 00000000 00000000 00000000 00000000 00000000 000005CA 00000028
010 118E1 00000000 00000001 00000011 00000000 00000000 00000000 00000000 00000001 00000000 00000000 00000000 00000000 00000000 00000000 000005CA 00000028
012 11FE1 00000000 00000002 00000011 00000000 00000000 00000000 00000000 00000001 00000000 00000000 00000000 00000000 00000000 00000000 000005CA 00000028
014 0A180 00000000 0000001A 00000011 00000000 00000000 00000000 00000000 00000001 00000000 00000000 00000000 00000000 00000000 00000000 000005CA 00000028
016 00221 00000000 00000001 00000011 00000000 00000000 00000000 00000000 00000001 00000000 00000000 00000000 00000000 00000000 00000000 000005CA 00000028
018 09100 00000000 00000028 00000012 00000000 00000000 00000000 00000000 00000001 00000000 00000000 00000000 00000000 00000000 00000000 000005CA 00000028
028 10FE1 00000000 00000002 00000012 00000000 00000000 00000000 00000000 00000001 00000000 00000000 00000000 00000000 00000000 00000000 000005CA 00000028
02A 108E1 00000000 00000001 00000012 00000000 00000000 00000000 00000000 00000001 00000000 00000000 00000000 00000000 00000000 00000000 000005CA 00000028
02C 107E1 00000000 00000000 00000012 00000000 00000000 00000000 00000000 00000001 00000000 00000000 00000000 00000000 00000000 00000000 000005CA 00000028
02E 00EE1 00000000 00000003 00000012 00000000 00000000 00000000 00000000 00000001 00000000 00000000 00000000 00000000 00000000 00000000 000005CA 00000028
030 09F00 00000000 00000000 00000012 00000000 00000000 00000000 00000000 00000001 00000000 00000000 00000000 00000000 00000000 00000000 000005CD 00000028
028 10FE1 00000000 00000002 00000012 00000000 00000000 00000000 00000000 00000001 00000000 00000000 00000000 00000000 00000000 00000000 000005CD 00000028
02A 108E1 00000000 00000001 00000012 00000000 00000000 00000000 00000000 00000001 00000000 00000000 00000000 00000000 00000000 00000000 000005CD 00000024
02C 107E1 00000000 00000000 00000012 00000000 00000000 00000000 00000000 00000001 00000001 00000000 00000000 00000000 00000000 00000000 000005CD 00000024
02E 00EE1 00000000 00000003 00000012 00000000 00000000 00000000 00000000 00000002 00000001 00000000 00000000 00000000 00000000 00000000 000005CD 00000024
030 09F00 00000000 00000000 00000012 00000000 00000000 00000000 00000000 00000002 00000001 00000000 00000000 00000000 00000000 00000000 000005D0 00000024
024 01881 00000000 00000001 00000012 00000000 00000000 00000000 00000000 00000002 00000001 00000000 00000000 00000000 00000000 00000000 000005D0 00000024
026 0FF10 00000000 0000000C 00000012 00000000 00000000 00000000 00000000 00000002 00000000 00000000 00000000 00000000 00000000 00000000 000005D0 00000024
00C 01EE1 00000000 00000003 00000012 00000000 00000000 00000000 00000000 00000002 00000000 00000000 00000000 00000000 00000000 00000000 000005D0 00000028
00E 117E1 00000000 00000000 00000012 00000000 00000000 00000000 00000000 00000002 00000000 00000000 00000000 00000000 00000000 00000000 000005CD 00000028
010 118E1 00000000 00000001 00000012 00000000 00000000 00000000 00000000 00000002 00000000 00000000 00000000 00000000 00000000 00000000 000005CD 00000028
012 11FE1 00000000 00000002 00000012 00000000 00000000 00000000 00000000 00000002 00000000 00000000 00000000 00000000 00000000 00000000 000005CD 00000028
014 0A180 00000000 0000001A 00000012 00000000 00000000 00000000 00000000 00000002 00000000 00000000 00000000 00000000 00000000 00000000 000005CD 00000028
016 00221 00000000 00000001 00000012 00000000 00000000 00000000 00000000 00000002 00000000 00000000 00000000 00000000 00000000 00000000 000005CD 00000028
018 09100 00000000 00000028 00000013 00000000 00000000 00000000 00000000 00000002 00000000 00000000 00000000 00000000 00000000 00000000 000005CD 00000028
028 10FE1 00000000 00000002 00000013 00000000 00000000 00000000 00000000 00000002 00000000 00000000 00000000 00000000 00000000 00000000 000005CD 00000028
02A 108E1 00000000 00000001 00000013 00000000 00000000 00000000 00000000 00000002 00000000 00000000 00000000 00000000 00000000 00000000 000005CD 00000028
02C 107E1 00000000 00000000 00000013 00000000 00000000 00000000 00000000 00000002 00000000 00000000 00000000 00000000 00000000 00000000 000005CD 00000028
02E 00EE1 00000000 00000003 00000013 00000000 00000000 00000000 00000000 00000002 00000000 00000000 00000000 00000000 00000000 00000000 000005CD 00000028
030 09F00 00000000 00000000 00000013 00000000 00000000 00000000 00000000 00000002 00000000 00000000 00000000 00000000 00000000 00000000 000005D0 00000028
028 10FE1 00000000 00000002 00000013 00000000 00000000 00000000 00000000 00000002 00000000 00000000 00000000 00000000 00000000 00000000 000005D0 00000028
02A 108E1 00000000 00000001 00000013 00000000 00000000 00000000 00000000 00000002 00000000 00000000 00000000 00000000 00000000 00000000 000005D0 00000024
02C 107E1 00000000 00000000 00000013 00000000 00000000 00000000 00000000 00000002 00000001 00000000 00000000 00000000 00000000 00000000 000005D0 00000024
02E 00EE1 00000000 00000003 00000013 00000000 00000000 00000000 00000000 00000003 00000001 00000000 00000000 00000000 00000000 00000000 000005D0 00000024
030 09F00 00000000 00000000 00000013 00000000 00000000 00000000 00000000 00000003 00000001 00000000 00000000 00000000 00000000 00000000 000005D3 00000024
024 01881 00000000 00000001 00000013 00000000 00000000 00000000 00000000 00000003 00000001 00000000 00000000 00000000 00000000 00000000 000005D3 00000024
026 0FF10 00000000 0000000C 00000013 00000000 00000000 00000000 00000000 00000003 00000000 00000000 00000000 00000000 00000000 00000000 000005D3 00000024
00C 01EE1 00000000 00000003 00000013 00000000 00000000 00000000 00000000 00000003 00000000 00000000 00000000 00000000 00000000 00000000 000005D3 00000028
00E 117E1 00000000 00000000 00000013 00000000 00000000 00000000 00000000 00000003 00000000 00000000 00000000 00000000 00000000 00000000 000005D0 00000028
010 118E1 00000000 00000001 00000013 00000000 00000000 00000000 00000000 00000003 00000000 00000000 00000000 00000000 00000000 00000000 000005D0 00000028
012 11FE1 00000000 00000002 00000013 00000000 00000000 00000000 00000000 00000003 00000000 00000000 00000000 00000000 00000000 00000000 000005D0 00000028
014 0A180 00000000 0000001A 00000013 00000000 00000000 00000000 00000000 00000003 00000000 00000000 00000000 00000000 00000000 00000000 000005D0 00000028
016 00221 00000000 00000001 00000013 00000000 00000000 00000000 00000000 00000003 00000000 00000000 00000000 00000000 00000000 00000000 000005D0 00000028
018 09100 00000000 00000028 00000014 00000000 00000000 00000000 00000000 00000003 00000000 00000000 00000000 00000000 00000000 00000000 000005D0 00000028
028 10FE1 00000000 00000002 00000014 00000000 00000000 00000000 00000000 00000003 00000000 00000000 00000000 00000000 00000000 00000000 000005D0 00000028
02A 108E1 00000000 00000001 00000014 00000000 00000000 00000000 00000000 00000003 00000000 00000000 00000000 00000000 00000000 00000000 000005D0 00000028
02C 107E1 00000000 00000000 00000014 00000000 00000000 00000000 00000000 00000003 00000000 00000000 00000000 00000000 00000000 00000000 000005D0 00000028
02E 00EE1 00000000 00000003 00000014 00000000 00000000 00000000 00000000 00000003 00000000 00000000 00000000 00000000 00000000 00000000 000005D0 00000028
030 09F00 00000000 00000000 00000014 00000000 00000000 00000000 00000000 00000003 00000000 00000000 00000000 00000000 00000000 00000000 000005D3 00000028
028 10FE1 00000000 00000002 00000014 00000000 00000000 00000000 00000000 00000003 00000000 00000000 00000000 00000000 00000000 00000000 000005D3 00000028
02A 108E1 00000000 00000001 00000014 00000000 00000000 00000000 00000000 00000003 00000000 00000000 00000000 00000000 00000000 00000000 000005D3 00000028
02C 107E1 00000000 00000000 00000014 00000000 00000000 00000000 00000000 00000003 00000001 00000000 00000000 00000000 00000000 00000000 000005D3 00000028
02E 00EE1 00000000 00000003 00000014 00000000 00000000 00000000 00000000 00000004 00000001 00000000 00000000 00000000 00000000 00000000 000005D3 00000028
030 09F00 00000000 00000000 00000014 00000000 00000000 00000000 00000000 00000004 00000001 00000000 00000000 00000000 00000000 00000000 000005D6 00000028
028 10FE1 00000000 00000002 00000014 00000000 00000000 00000000 00000000 00000004 00000001 00000000 00000000 00000000 00000000 00000000 000005D6 00000028
02A 108E1 00000000 00000001 00000014 00000000 00000000 00000000 00000000 00000004 00000001 00000000 00000000 00000000 00000000 00000000 000005D6 00000028
02C 107E1 00000000 00000000 00000014 00000000 00000000 00000000 00000000 00000004 00000002 00000000 00000000 00000000 00000000 00000000 000005D6 00000028
02E 00EE1 00000000 00000003 00000014 00000000 00000000 00000000 00000000 00000005 00000002 00000000 00000000 00000000 00000000 00000000 000005D6 00000028
030 09F00 00000000 00000000 00000014 00000000 00000000 00000000 00000000 00000005 00000002 00000000 00000000 00000000 00000000 00000000 000005D9 00000028
028 10FE1 00000000 00000002 00000014 00000000 00000000 00000000 00000000 00000005 00000002 00000000 00000000 00000000 00000000 00000000 000005D9 00000028
02A 108E1 00000000 00000001 00000014 00000000 00000000 00000000 00000000 00000005 00000002 00000000 00000000 00000000 00000000 00000000 000005D9 00000009
02C 107E1 00000000 00000000 00000014 00000000 00000000 00000000 00000000 00000005 00000003 00000000 00000000 00000000 00000000 00000000 000005D9 00000009
02E 00EE1 00000000 00000003 00000014 00000000 00000000 00000000 00000000 00000006 00000003 00000000 00000000 00000000 00000000 00000000 000005D9 00000009
030 09F00 00000000 00000000 00000014 00000000 00000000 00000000 00000000 00000006 00000003 00000000 00000000 00000000 00000000 00000000 000005DC 00000009
009 11201 00000000 00000102 00000014 00000000 00000000 00000000 00000000 00000006 00000003 00000000 00000000 00000000 00000000 00000000 000005DC 00000009
00B 15000 00000000 00000000 00000014 00000000 00000000 00000000 00000000 00000006 00000003 00000000 00000000 00000000 00000000 00000000 000005DC 00000009
